76657
119761
638652
460455
688823
408050
247808
321198
458871
406587
260802
681104
151630
123417
107526
351500
524490
124687
640041
64517
887810
648336
518087
10697
658717
523456
581930
264842
70905
70927
271273
330553
710189
255428
419547
757833
98442
144929
495296
691319
438997
479703
286393
394191
180623
604434
351865
443050
320965
7013
403847
451683
380152
290391
922309
453071
430092
339114
929041
8065
353780
60563
473160
496400
594953
115761
430932
199189
549697
640490
547288
159575
554540
622341
298957
791499
247184
425580
669793
273822
623820
539908
183204
280519
185865
638823
455871
75093
491848
283531
866036
385673
61179
118941
677976
34077
654096
587323
29206
624248
746555
646329
75003
25788
263628
634210
363212
616987
517486
251385
545915
153544
7421
75959
492784
565354
545237
141671
648255
532323
758151
331738
3698
291283
70271
365079
252201
641303
759274
50303
367719
131048
528476
642549
112764
304223
81184
325460
338738
8889
482598
423805
645921
257842
132036
662929
754192
414274
491681
794046
437028
527163
457996
341929
756132
405697
174858
720093
604568
271305
505726
105306
493213
768425
536950
499734
276211
392321
827347
436036
542343
528989
637860
694966
110889
296790
40974
429766
584626
640466
404632
254245
405920
321001
70723
275305
203569
108357
399049
44219
348249
466096
77387
380687
138554
46576
110503
486979
347714
667897
7259
55143
365240
754539
867904
70142
208934
73420
381795
484604
122038
108536
478187
449171
367143
130022
618582
69022
487669
697839
179532
2808
613577
740715
489549
186160
530645
305992
364814
938083
685128
314906
627801
24362
417830
174778
457817
375221
440838
324829
407437
89342
431587
341395
437214
772621
495422
622745
686528
98076
655531
593777
258247
311518
123826
161995
495421
362872
247641
739194
265851
367145
495927
541651
253739
27865
482705
297208
466340
316758
351688
748016
518595
48682
568421
704799
661917
305355
433997
291923
668100
375525
194502
308791
660544
385920
414040
555076
7693
25705
254954
478119
438790
665574
14347
338691
496097
32724
366331
556405
750131
666412
782817
745414
476473
639377
456064
522023
851860
279430
538857
590815
20628
57157
410887
550915
699161
806762
681693
414626
543041
557924
331329
892074
363369
484689
158308
503931
379772
490105
278623
570298
321782
477228
644437
115663
422783
284683
324543
132207
386994
285157
106083
112055
646288
923793
16834
599127
540842
249096
325720
114268
288521
470176
433085
614577
457981
311663
615356
364223
648495
840098
278284
513847
717117
416448
156351
449907
15927
306963
165366
276473
440049
495348
144446
76602
397080
497057
214482
330030
58453
288588
327150
41130
474328
138445
422267
303084
491508
21252
8902
820923
320295
58405
381176
637958
535339
609641
514348
95417
61510
273287
523202
539802
62434
258156
298549
490416
738382
617035
67679
617784
850309
710971
879151
689956
66064
420182
270163
25401
9462
379470
59842
670779
307968
289135
3648
414883
240919
70803
636031
183722
392257
65763
119518
113634
449259
139706
484989
484431
287068
666413
604278
447742
740237
257170
291094
153687
627434
286670
414427
332221
779849
683812
356237
222678
3505
130232
616420
506766
359100
288767
69958
417520
346997
593327
339263
95932
169961
344278
246516
398436
593001
507738
582084
356328
759263
855985
164469
250237
26431
56644
487187
379271
407212
596805
859984
468321
424598
11707
520451
481363
770057
151369
639295
459527
369631
464580
527564
427456
412603
168868
418287
816370
505108
260589
135572
135852
223350
58544
6576
512551
662070
314872
359680
154888
375606
388999
409093
479860
204003
124770
540908
633735
687643
117953
244060
162576
288376
507457
696120
155459
498724
550203
904155
12987
271595
387777
202376
688903
279630
27334
288185
709169
141771
70891
180015
677068
622774
93307
514424
161063
391786
8624
885043
889033
443133
354977
132668
885224
767511
495594
575248
737521
457138
768165
412897
553673
436227
235127
569349
525493
345297
543490
321657
77411
46273
351468
158113
905704
251526
895570
369938
9361
537577
328470
181002
622756
348754
418669
295810
808074
538355
481072
503778
662375
625951
29571
766059
697120
51175
722726
144760
72683
12776
123831
26161
574780
360874
755408
333164
826610
532188
144737
414699
501895
358882
947714
21747
440513
12914
806774
447156
89288
61164
119851
450840
315865
21717
512902
223458
66979
479580
692975
476120
313353
669496
109591
453659
436396
725113
278469
602545
631925
789032
463794
322381
14911
699631
307514
554207
633090
622888
455967
106096
113265
809185
114447
678594
710172
369422
698935
185513
180180
635374
383817
519055
265747
356246
51431
393070
301572
738949
48079
534873
501358
545943
657738
463523
31308
333820
536970
288247
52102
347307
40105
638226
50170
562467
441508
819501
890882
687321
178634
481187
528691
549759
475056
150925
173947
610636
687423
437207
425517
287668
387111
476844
523052
73388
945445
489046
505462
81672
111316
660751
439006
69984
441247
875825
11644
28779
646174
76761
353071
117975
723788
644247
132575
383227
354134
364408
564957
452132
276206
541107
493517
254707
661539
147850
56057
638357
22691
704580
368240
224229
606285
819609
629938
605660
687895
670875
29205
110692
250618
357338
129603
493058
811467
490493
834220
543718
261281
945481
136537
539735
107257
378014
347742
103225
255771
86970
434546
309440
281253
496656
404903
550793
791896
842069
695210
517101
644623
540028
562477
769053
313905
26291
369608
509552
481303
60866
432552
453264
4034
93397
457208
303378
118230
370586
446295
155171
557848
790958
222925
299042
626317
176161
550455
308715
919114
160935
258666
244705
393808
6564
477758